0	10
0.0206697	10
0.0516742	9.99999
0.0981811	9.99995
0.167941	9.99986
0.272582	9.99963
0.429542	9.99908
0.664983	9.99779
1.01814	9.99482
1.54789	9.98802
2.3425	9.97257
3.53442	9.93759
5.3223	9.8586
8.00411	9.68087
12.0268	9.28292
18.0609	8.4005
27.1121	6.48741
40.6888	2.5783
52.8071	-1.41994
64.137	-4.89228
77.3752	-7.61976
83.6011	-8.1341
92.4327	-7.8845
102.604	-6.25236
114.793	-2.90782
122.612	-0.357241
130.795	2.34443
141.755	5.62337
156.577	8.79544
166.985	9.86304
180.619	9.64624
194.904	7.50115
211.538	3.00693
217.776	0.981351
224.601	-1.28706
234.837	-4.47548
247.984	-7.40135
256.763	-8.16242
264.76	-7.87074
275.001	-6.2053
287.216	-2.8331
295.006	-0.287503
302.844	2.30085
313.754	5.57361
328.542	8.76186
338.968	9.85179
352.688	9.6542
366.935	7.5309
383.556	3.05515
390.596	0.766201
398.47	-1.84428
410.185	-5.33893
421.929	-7.6424
428.558	-8.15203
436.893	-7.87285
447.11	-6.21656
459.316	-2.85176
467.112	-0.305223
475.042	2.31354
485.965	5.5879
500.76	8.77089
511.178	9.85402
524.871	9.65075
539.127	7.52124
555.749	3.04052
561.937	1.03312
569.546	-1.49385
580.867	-4.95117
594.115	-7.64695
600.961	-8.15801
609.042	-7.87096
619.269	-6.2108
631.476	-2.84358
639.267	-0.297854
647.157	2.30805
658.071	5.58114
672.86	8.76585
683.278	9.85173
696.98	9.65106
711.229	7.52467
727.848	3.04683
732.773	1.45695
740.16	-0.997466
750.726	-4.3193
763.818	-7.30946
772.749	-8.1483
781.183	-7.86729
791.403	-6.20468
803.612	-2.83417
811.398	-0.289353
819.242	2.30148
830.146	5.57311
844.927	8.75999
855.347	9.84918
869.06	9.6516
883.301	7.52888
899.916	3.05436
906.95	0.767087
914.814	-1.8401
926.521	-5.33365
938.268	-7.63915
944.878	-8.14866
953.229	-7.87016
963.44	-6.21465
975.639	-2.85118
983.43	-0.305511
991.357	2.31293
1002.27	5.58596
1017.06	8.76806
1027.47	9.85111
1041.16	9.6484
1055.41	7.5201
1072.03	3.04114
1078.31	1.00192
1085.49	-1.38385
1096.26	-4.70772
1109.45	-7.52392
1115.52	-8.09194
1124.63	-7.92887
1134.61	-6.40873
1146.67	-3.17067
1154.58	-0.60771
1163.65	2.39057
1174.6	5.66007
1189.44	8.81733
1199.82	9.86566
1213.37	9.63417
1227.67	7.47372
1244.3	2.96829
1251.93	0.476013
1261.41	-2.64242
1273.77	-6.10079
1283.63	-7.7834
1288.48	-8.13083
1295.76	-7.99904
1305.48	-6.64874
1317.36	-3.58223
1325.41	-1.00557
1335.42	2.30707
1346.14	5.52778
1360.91	8.73146
1371.34	9.83803
1385.11	9.65636
1399.32	7.55201
1415.92	3.09366
1424.57	0.268249
1433.01	-2.50966
1445.27	-5.98159
1455.47	-7.76388
1462.24	-8.17029
1468.96	-7.90175
1479.05	-6.32062
1491.17	-3.02657
1499.02	-0.471318
1507.65	2.37977
1518.62	5.65589
1533.45	8.81319
1543.83	9.86326
1557.38	9.63338
1571.67	7.47501
1588.3	2.97168
1595.83	0.514315
1605.46	-2.65426
1617.82	-6.11059
1627.65	-7.78336
1632.52	-8.13051
1639.83	-7.99182
1649.58	-6.62653
1661.47	-3.54527
1669.5	-0.970028
1679.44	2.31849
1690.19	5.54395
1704.96	8.74123
1715.38	9.84006
1729.12	9.65182
1743.34	7.54038
1759.94	3.07642
1768.75	0.198849
1776.68	-2.41565
1788.58	-5.82696
1799.18	-7.73477
1804.57	-8.13263
1812.66	-7.92219
1822.68	-6.3881
1834.75	-3.14028
1842.64	-0.579771
1851.62	2.38979
1862.57	5.65979
1877.4	8.81532
1887.78	9.86272
1901.31	9.6309
1915.61	7.47065
1932.23	2.96616
1939.89	0.464635
1949.32	-2.6374
1961.67	-6.09494
1971.54	-7.7796
1976.37	-8.12691
1983.63	-7.99749
1993.34	-6.65293
2005.21	-3.59299
2013.25	-1.01721
2023.28	2.30193
2033.99	5.51918
2048.74	8.72408
2059.17	9.83335
2072.95	9.65454
2087.14	7.55398
2103.73	3.09959
2112.32	0.298256
2120.94	-2.53949
2133.21	-6.00716
2143.33	-7.7652
2150.23	-8.16843
2156.54	-7.91861
2166	-6.49979
2178.02	-3.31655
2185.97	-0.749792
2195.42	2.37427
2206.3	5.6279
2221.11	8.7944
2231.49	9.85517
2245.08	9.63466
2259.36	7.48738
2275.97	2.99399
2282.67	0.813218
2289.92	-1.59398
2300.79	-4.91228
2314.02	-7.62372
2320.57	-8.1379
2329.02	-7.86441
2339.21	-6.21364
2351.39	-2.85584
2359.17	-0.312001
2367.12	2.31547
2378.03	5.58589
2392.8	8.76443
2403.2	9.84515
2416.87	9.6416
2431.1	7.5136
2447.7	3.03655
2453.78	1.06442
2461.73	-1.57362
2473.14	-5.04154
2486.39	-7.68367
2492.96	-8.15088
2500.9	-7.86209
2511.11	-6.20444
2523.29	-2.84232
2531.07	-0.29963
2538.95	2.30671
2549.85	5.57539
2564.61	8.75691
2575.01	9.84206
2588.69	9.64258
2602.92	7.51935
2619.52	3.04657
2626.27	0.852554
2632.81	-1.32197
2642.61	-4.38428
2655.72	-7.34349
2664.56	-8.14429
2672.78	-7.85677
2683	-6.19258
2695.18	-2.82368
2702.95	-0.282486
2710.74	2.29355
2721.62	5.55974
2736.37	8.74596
2746.77	9.83788
2760.48	9.64446
2774.7	7.52826
2791.29	3.06163
2798.74	0.634374
2807.73	-2.33416
2819.86	-5.82114
2830.46	-7.72976
2835.84	-8.12714
2843.92	-7.9173
2853.92	-6.38527
2865.98	-3.14068
2873.86	-0.581814
2882.84	2.38812
2893.78	5.65537
2908.59	8.80954
2918.96	9.85711
2932.49	9.62645
2946.77	7.46852
2963.38	2.96732
2970.97	0.489121
2980.5	-2.64499
2992.84	-6.09962
3002.67	-7.77574
3007.52	-8.12256
3014.8	-7.98803
3024.52	-6.63303
3036.39	-3.56372
3044.41	-0.990311
3054.38	2.30931
3065.09	5.52815
3079.84	8.72708
3090.25	9.83056
3104	9.64772
3118.19	7.54368
3134.77	3.0877
3143.45	0.253066
3151.78	-2.49048
3164.01	-5.96081
3174.24	-7.75305
3180.91	-8.1602
3187.83	-7.88407
3197.99	-6.27247
3210.11	-2.95716
3217.92	-0.40842
3226.3	2.36083
3237.24	5.63352
3252.03	8.79371
3262.4	9.85112
3275.97	9.62876
3290.24	7.48045
3306.84	2.98759
3313.75	0.735122
3321.92	-1.97097
3333.74	-5.46575
3345.15	-7.65724
3352.25	-8.1534
3359.78	-7.86327
3369.98	-6.21438
3382.14	-2.86277
3389.92	-0.320046
3397.91	2.31917
3408.8	5.58781
3423.57	8.7629
3433.95	9.8409
3447.6	9.63602
3461.83	7.50753
3478.42	3.03141
3484.51	1.05406
3492.34	-1.5464
3503.71	-5.00832
3516.94	-7.66489
3524.25	-8.15696
3531.37	-7.87446
3541.54	-6.24794
3553.68	-2.91863
3561.47	-0.372734
3569.7	2.34655
3580.62	5.61765
3595.4	8.78218
3605.77	9.84624
3619.37	9.62982
3633.62	7.48855
3650.21	3.00202
3656.44	0.979349
3663.2	-1.26942
3673.34	-4.43402
3686.44	-7.36832
3695.23	-8.14261
3703.29	-7.85189
3713.49	-6.18821
3725.67	-2.82161
3733.43	-0.282151
3741.21	2.29188
3752.08	5.55553
3766.81	8.74035
3777.21	9.83236
3790.91	9.64001
3805.11	7.52601
3821.69	3.06255
3829.23	0.606127
3838.39	-2.41927
3850.58	-5.89765
3860.96	-7.73922
3867.21	-8.14873
3874.87	-7.85876
3885.06	-6.20771
3897.22	-2.85434
3904.99	-0.312991
3912.94	2.31389
3923.82	5.58058
3938.57	8.75659
3948.96	9.83694
3962.61	9.63465
3976.83	7.50963
3993.41	3.03714
3999.69	0.998934
4006.8	-1.36594
4017.47	-4.66524
4030.63	-7.49304
4037.11	-8.09134
4046.3	-7.87713
4056.38	-6.27915
4068.49	-2.97022
4076.3	-0.422203
4084.72	2.36384
4095.65	5.63436
4110.44	8.79179
4120.8	9.8472
