3000	2e-09
6000	2.00001e-09
9000	2.00001e-09
12000	2.00001e-09
15000	2e-09
18000	2.00001e-09
21000	2.00001e-09
24000	2e-09
27000	2e-09
30000	2e-09
33000	2e-09
36000	2e-09
39000	2e-09
42000	2.00001e-09
45000	2e-09
48000	2e-09
51000	2e-09
54000	2.00002e-09
57000	2e-09
60000	2.00001e-09
63000	2.00001e-09
66000	2.00001e-09
69000	2.00001e-09
72000	2.00001e-09
75000	2.00001e-09
78000	2e-09
81000	2.00001e-09
84000	2e-09
87000	2e-09
90000	2e-09
93000	2.00002e-09
96000	2e-09
99000	2e-09
102000	2e-09
105000	2e-09
108000	2.00001e-09
111000	2.00001e-09
114000	2e-09
117000	2.00001e-09
120000	2e-09
123000	2e-09
126000	2.00001e-09
129000	2.00001e-09
132000	2e-09
135000	2e-09
138000	2.00001e-09
141000	2.00001e-09
144000	2.00001e-09
147000	2.00001e-09
150000	2.00001e-09
153000	2.00001e-09
156000	2.00001e-09
159000	9.96324e-10
162000	9.7882e-10
165000	9.60591e-10
168000	9.4396e-10
171000	9.21728e-10
174000	9.12659e-10
177000	9.01755e-10
180000	8.81473e-10
183000	8.68414e-10
186000	8.55593e-10
189000	8.42412e-10
192000	8.28241e-10
195000	8.1544e-10
198000	8.03492e-10
201000	7.95072e-10
204000	7.79834e-10
207000	7.73242e-10
210000	7.57664e-10
213000	7.49304e-10
216000	7.43261e-10
219000	7.26954e-10
222000	7.17465e-10
225000	7.08852e-10
228000	7.00801e-10
231000	6.91932e-10
234000	6.82733e-10
237000	6.73447e-10
240000	6.64296e-10
243000	6.56211e-10
246000	6.54488e-10
249000	6.43248e-10
252000	6.33201e-10
255000	6.3307e-10
258000	6.20697e-10
261000	6.11381e-10
264000	6.0802e-10
267000	5.97977e-10
270000	5.9477e-10
273000	5.85697e-10
276000	5.811e-10
279000	5.7908e-10
282000	5.66714e-10
285000	5.63092e-10
288000	5.60468e-10
291000	5.50326e-10
294000	5.44668e-10
297000	5.41082e-10
300000	5.37895e-10
